[113 1]
[113 2]
[113 3]
[113 5]
[113 7]
[113 13]
[113 17]
[113 19]
[113 23]
[113 29]
[113 31]
[113 37]
[113 41]
[113 43]
[113 53]
[113 59]
[113 61]
[113 67]
[113 71]
[113 73]
[113 79]
[113 83]
[113 89]
[113 97]
[113 101]
[113 103]
[113 107]
[113 109]
[113 1 2]
[113 1 3]
[113 1 5]
[113 1 7]
[113 1 13]
[113 1 17]
[113 1 19]
[113 1 23]
[113 1 29]
[113 1 31]
[113 1 37]
[113 1 41]
[113 1 43]
[113 1 53]
[113 1 59]
[113 1 61]
[113 1 67]
[113 1 71]
[113 1 73]
[113 1 79]
[113 1 83]
[113 1 89]
[113 1 97]
[113 1 101]
[113 1 103]
[113 1 107]
[113 1 109]
[113 1 2 3]
[113 1 2 5]
[113 1 2 7]
[113 1 2 13]
[113 1 2 17]
[113 1 2 19]
[113 1 2 23]
[113 1 2 29]
[113 1 2 31]
[113 1 2 37]
[113 1 2 41]
[113 1 2 43]
[113 1 2 53]
[113 1 2 59]
[113 1 2 61]
[113 1 2 67]
[113 1 2 71]
[113 1 2 73]
[113 1 2 79]
[113 1 2 83]
[113 1 2 89]
[113 1 2 97]
[113 1 2 101]
[113 1 2 103]
[113 1 2 107]
[113 1 2 109]
[113 1 2 3 5]
[113 1 2 3 7]
[113 1 2 3 13]
[113 1 2 3 17]
[113 1 2 3 19]
[113 1 2 3 23]
[113 1 2 3 29]
[113 1 2 3 31]
[113 1 2 3 37]
[113 1 2 3 41]
[113 1 2 3 43]
[113 1 2 3 53]
[113 1 2 3 59]
[113 1 2 3 61]
[113 1 2 3 67]
[113 1 2 3 71]
[113 1 2 3 73]
[113 1 2 3 79]
[113 1 2 3 83]
[113 1 2 3 89]
[113 1 2 3 97]
[113 1 2 3 101]
[113 1 2 3 103]
[113 1 2 3 107]
[113 1 2 3 109]
[113 1 2 3 5 7]
[113 1 2 3 5 13]
[113 1 2 3 5 17]
[113 1 2 3 5 19]
[113 1 2 3 5 23]
[113 1 2 3 5 29]
[113 1 2 3 5 31]
[113 1 2 3 5 37]
[113 1 2 3 5 41]
[113 1 2 3 5 43]
[113 1 2 3 5 53]
[113 1 2 3 5 59]
[113 1 2 3 5 61]
[113 1 2 3 5 67]
[113 1 2 3 5 71]
[113 1 2 3 5 73]
[113 1 2 3 5 79]
[113 1 2 3 5 83]
[113 1 2 3 5 89]
[113 1 2 3 5 97]
[113 1 2 3 5 101]
[113 1 2 3 5 103]
[113 1 2 3 5 107]
[113 1 2 3 5 109]
[113 1 2 3 5 7 13]
[113 1 2 3 5 7 17]
[113 1 2 3 5 7 19]
[113 1 2 3 5 7 23]
[113 1 2 3 5 7 29]
[113 1 2 3 5 7 31]
[113 1 2 3 5 7 37]
[113 1 2 3 5 7 41]
[113 1 2 3 5 7 43]
[113 1 2 3 5 7 53]
[113 1 2 3 5 7 59]
[113 1 2 3 5 7 61]
[113 1 2 3 5 7 67]
[113 1 2 3 5 7 71]
[113 1 2 3 5 7 73]
[113 1 2 3 5 7 79]
[113 1 2 3 5 7 83]
[113 1 2 3 5 7 89]
[113 1 2 3 5 7 97]
[113 1 2 3 5 7 101]
[113 1 2 3 5 7 103]
[113 1 2 3 5 7 107]
[113 1 2 3 5 7 109]
[113 1 2 3 5 7 13 17]
[113 1 2 3 5 7 13 19]
[113 1 2 3 5 7 13 23]
[113 1 2 3 5 7 13 29]
[113 1 2 3 5 7 13 31]
[113 1 2 3 5 7 13 37]
[113 1 2 3 5 7 13 41]
[113 1 2 3 5 7 13 43]
[113 1 2 3 5 7 13 53]
[113 1 2 3 5 7 13 59]
[113 1 2 3 5 7 13 61]
[113 1 2 3 5 7 13 67]
[113 1 2 3 5 7 13 71]
[113 1 2 3 5 7 13 73]
[113 1 2 3 5 7 13 79]
[113 1 2 3 5 7 13 83]
[113 1 2 3 5 7 13 89]
[113 1 2 3 5 7 13 97]
[113 1 2 3 5 7 13 101]
[113 1 2 3 5 7 13 103]
[113 1 2 3 5 7 13 107]
[113 1 2 3 5 7 13 109]
[113 1 2 3 5 7 13 17 19]
[113 1 2 3 5 7 13 17 23]
[113 1 2 3 5 7 13 17 29]
[113 1 2 3 5 7 13 17 31]
[113 1 2 3 5 7 13 17 37]
[113 1 2 3 5 7 13 17 41]
[113 1 2 3 5 7 13 17 43]
[113 1 2 3 5 7 13 17 53]
[113 1 2 3 5 7 13 17 59]
[113 1 2 3 5 7 13 17 61]
[113 1 2 3 5 7 13 17 67]
[113 1 2 3 5 7 13 17 71]
[113 1 2 3 5 7 13 17 73]
[113 1 2 3 5 7 13 17 79]
[113 1 2 3 5 7 13 17 83]
[113 1 2 3 5 7 13 17 89]
[113 1 2 3 5 7 13 17 97]
[113 1 2 3 5 7 13 17 101]
[113 1 2 3 5 7 13 17 103]
[113 1 2 3 5 7 13 17 107]
[113 1 2 3 5 7 13 17 109]
[113 1 2 3 5 7 13 17 19 23]
[113 1 2 3 5 7 13 17 19 29]
[113 1 2 3 5 7 13 17 19 31]
[113 1 2 3 5 7 13 17 19 37]
[113 1 2 3 5 7 13 17 19 41]
[113 1 2 3 5 7 13 17 19 43]
[113 1 2 3 5 7 13 17 19 53]
[113 1 2 3 5 7 13 17 19 59]
[113 1 2 3 5 7 13 17 19 61]
[113 1 2 3 5 7 13 17 19 67]
[113 1 2 3 5 7 13 17 19 71]
[113 1 2 3 5 7 13 17 19 73]
[113 1 2 3 5 7 13 17 19 79]
[113 1 2 3 5 7 13 17 19 83]
[113 1 2 3 5 7 13 17 19 89]
[113 1 2 3 5 7 13 17 19 97]
[113 1 2 3 5 7 13 17 19 101]
[113 1 2 3 5 7 13 17 19 103]
[113 1 2 3 5 7 13 17 19 107]
[113 1 2 3 5 7 13 17 19 109]
[113 1 2 3 5 7 13 17 19 23 29]
[113 1 2 3 5 7 13 17 19 23 31]
[113 1 2 3 5 7 13 17 19 23 37]
[113 1 2 3 5 7 13 17 19 23 41]
[113 1 2 3 5 7 13 17 19 23 43]
[113 1 2 3 5 7 13 17 19 23 53]
[113 1 2 3 5 7 13 17 19 23 59]
[113 1 2 3 5 7 13 17 19 23 61]
[113 1 2 3 5 7 13 17 19 23 67]
[113 1 2 3 5 7 13 17 19 23 71]
[113 1 2 3 5 7 13 17 19 23 73]
[113 1 2 3 5 7 13 17 19 23 79]
[113 1 2 3 5 7 13 17 19 23 83]
[113 1 2 3 5 7 13 17 19 23 89]
[113 1 2 3 5 7 13 17 19 23 97]
[113 1 2 3 5 7 13 17 19 23 101]
[113 1 2 3 5 7 13 17 19 23 103]
[113 1 2 3 5 7 13 17 19 23 107]
[113 1 2 3 5 7 13 17 19 23 109]
[113 1 2 3 5 7 13 17 19 23 29 31]
[113 1 2 3 5 7 13 17 19 23 29 37]
[113 1 2 3 5 7 13 17 19 23 29 41]
[113 1 2 3 5 7 13 17 19 23 29 43]
[113 1 2 3 5 7 13 17 19 23 29 53]
[113 1 2 3 5 7 13 17 19 23 29 59]
[113 1 2 3 5 7 13 17 19 23 29 61]
[113 1 2 3 5 7 13 17 19 23 29 67]
[113 1 2 3 5 7 13 17 19 23 29 71]
[113 1 2 3 5 7 13 17 19 23 29 73]
[113 1 2 3 5 7 13 17 19 23 29 79]
[113 1 2 3 5 7 13 17 19 23 29 83]
[113 1 2 3 5 7 13 17 19 23 29 89]
[113 1 2 3 5 7 13 17 19 23 29 97]
[113 1 2 3 5 7 13 17 19 23 29 101]
[113 1 2 3 5 7 13 17 19 23 29 103]
[113 1 2 3 5 7 13 17 19 23 29 107]
[113 1 2 3 5 7 13 17 19 23 29 109]
[113 1 2 3 5 7 13 17 19 23 29 31 37]
[113 1 2 3 5 7 13 17 19 23 29 31 41]
[113 1 2 3 5 7 13 17 19 23 29 31 43]
[113 1 2 3 5 7 13 17 19 23 29 31 53]
[113 1 2 3 5 7 13 17 19 23 29 31 59]
[113 1 2 3 5 7 13 17 19 23 29 31 61]
[113 1 2 3 5 7 13 17 19 23 29 31 67]
[113 1 2 3 5 7 13 17 19 23 29 31 71]
[113 1 2 3 5 7 13 17 19 23 29 31 73]
[113 1 2 3 5 7 13 17 19 23 29 31 79]
[113 1 2 3 5 7 13 17 19 23 29 31 83]
[113 1 2 3 5 7 13 17 19 23 29 31 89]
[113 1 2 3 5 7 13 17 19 23 29 31 97]
[113 1 2 3 5 7 13 17 19 23 29 31 101]
[113 1 2 3 5 7 13 17 19 23 29 31 103]
[113 1 2 3 5 7 13 17 19 23 29 31 107]
[113 1 2 3 5 7 13 17 19 23 29 31 109]
[113 1 2 3 5 7 13 17 19 23 29 31 37 41]
[113 1 2 3 5 7 13 17 19 23 29 31 37 43]
[113 1 2 3 5 7 13 17 19 23 29 31 37 53]
[113 1 2 3 5 7 13 17 19 23 29 31 37 59]
[113 1 2 3 5 7 13 17 19 23 29 31 37 61]
[113 1 2 3 5 7 13 17 19 23 29 31 37 67]
[113 1 2 3 5 7 13 17 19 23 29 31 37 71]
[113 1 2 3 5 7 13 17 19 23 29 31 37 73]
[113 1 2 3 5 7 13 17 19 23 29 31 37 79]
[113 1 2 3 5 7 13 17 19 23 29 31 37 83]
[113 1 2 3 5 7 13 17 19 23 29 31 37 89]
[113 1 2 3 5 7 13 17 19 23 29 31 37 97]
[113 1 2 3 5 7 13 17 19 23 29 31 37 101]
[113 1 2 3 5 7 13 17 19 23 29 31 37 103]
[113 1 2 3 5 7 13 17 19 23 29 31 37 107]
[113 1 2 3 5 7 13 17 19 23 29 31 37 109]
[113 1 2 3 5 7 13 17 19 23 29 31 37 41 43]
[113 1 2 3 5 7 13 17 19 23 29 31 37 41 53]
[113 1 2 3 5 7 13 17 19 23 29 31 37 41 59]
[113 1 2 3 5 7 13 17 19 23 29 31 37 41 61]
[113 1 2 3 5 7 13 17 19 23 29 31 37 41 67]
[113 1 2 3 5 7 13 17 19 23 29 31 37 41 71]
[113 1 2 3 5 7 13 17 19 23 29 31 37 41 73]
[113 1 2 3 5 7 13 17 19 23 29 31 37 41 79]
[113 1 2 3 5 7 13 17 19 23 29 31 37 41 83]
[113 1 2 3 5 7 13 17 19 23 29 31 37 41 89]
[113 1 2 3 5 7 13 17 19 23 29 31 37 41 97]
[113 1 2 3 5 7 13 17 19 23 29 31 37 41 101]
[113 1 2 3 5 7 13 17 19 23 29 31 37 41 103]
[113 1 2 3 5 7 13 17 19 23 29 31 37 41 107]
[113 1 2 3 5 7 13 17 19 23 29 31 37 41 109]
[113 1 2 3 5 7 13 17 19 23 29 31 37 41 43 53]
[113 1 2 3 5 7 13 17 19 23 29 31 37 41 43 59]
[113 1 2 3 5 7 13 17 19 23 29 31 37 41 43 61]
[113 1 2 3 5 7 13 17 19 23 29 31 37 41 43 67]
[113 1 2 3 5 7 13 17 19 23 29 31 37 41 43 71]
[113 1 2 3 5 7 13 17 19 23 29 31 37 41 43 73]
[113 1 2 3 5 7 13 17 19 23 29 31 37 41 43 79]
[113 1 2 3 5 7 13 17 19 23 29 31 37 41 43 83]
[113 1 2 3 5 7 13 17 19 23 29 31 37 41 43 89]
[113 1 2 3 5 7 13 17 19 23 29 31 37 41 43 97]
[113 1 2 3 5 7 13 17 19 23 29 31 37 41 43 101]
[113 1 2 3 5 7 13 17 19 23 29 31 37 41 43 103]
[113 1 2 3 5 7 13 17 19 23 29 31 37 41 43 107]
[113 1 2 3 5 7 13 17 19 23 29 31 37 41 43 109]
[113 1 2 3 5 7 13 17 19 23 29 31 37 41 43 53 59]
[113 1 2 3 5 7 13 17 19 23 29 31 37 41 43 53 61]
[113 1 2 3 5 7 13 17 19 23 29 31 37 41 43 53 67]
[113 1 2 3 5 7 13 17 19 23 29 31 37 41 43 53 71]
[113 1 2 3 5 7 13 17 19 23 29 31 37 41 43 53 73]
